CENSUS TRACTS IN HEALTH ZONE 1
==================================================

Total tracts: 45
Total population: 121,027
Total households: 48,214

TRACT IDs (for household CSV matching):
10.00
101
102
102.02
104.01
104.02
105.03
106.01
107.00
108.00
109.00
11.00
110.00
111.00
112.00
113.00
114.00
115.00
116.00
117.00
118.00
119.01
12.00
121.00
13.00
14.01
14.02
15.00
16.00
171.01
171.02
172.00
174.00
200
21.01
21.02
25.01
26.00
27.01
27.02
28.01
28.02
29.01
29.02
300


TRACT IDs (original TRACTCE20 format):
000101
000102
000200
000300
001000
001100
001200
001300
001401
001402
001500
001600
002101
002102
002501
002600
002701
002702
002801
002802
002901
002902
010202
010401
010402
010503
010601
010700
010800
010900
011000
011100
011200
011300
011400
011500
011600
011700
011800
011901
012100
017101
017102
017200
017400
